[header]
width=27
height=23
tilewidth=32
tileheight=32
orientation=orthogonal

[tilesets]
tileset=../../../../../../alice-app/data/tiles/lpc/grass.png,32,32,0,0
tileset=../../../../../../alice-app/data/tiles/lpc/grassalt.png,32,32,0,0
tileset=../../../../../../alice-app/data/tiles/lpc/watergrass.png,32,32,0,0
tileset=../../../../../../alice-app/data/tiles/lpc/inside.png,32,32,0,0
tileset=../../../../../../alice-app/data/tiles/lpc/cabinets.png,32,32,0,0
tileset=../../../../../../alice-app/data/tiles/Skorpio's Pack/Interior-Furniture.png,32,32,0,0
tileset=../../../../../../alice-app/data/tiles/Skorpio's Pack/Interior-Walls-Beige.png,32,32,0,0
tileset=../../../../../../alice-app/data/tiles/Skorpio's Pack/Objects.png,32,32,0,0
tileset=../../../../../../alice-app/data/tiles/Skorpio's Pack/Pipes-RustyWalls.png,32,32,0,0
tileset=../../../../../../alice-app/data/tiles/lpc/victoria.png,32,32,0,0
tileset=../../../../../../alice-app/data/tiles/lpc/dungeon.png,32,32,0,0
tileset=../../../../../../alice-app/data/tiles/lpc-sprites/monsters/slime.png,32,32,0,0
tileset=../../../../../../alice-app/data/tiles/lpc-sprites/people/princess.png,32,32,0,0
tileset=../../../../../../../Documents/tiles/Skorpio's Pack/Interior-Walls-Blue.png,32,32,0,0
tileset=../../../../../../alice-app/data/tiles/lpc/waterfall.png,32,32,0,0
tileset=../../../../../../alice-app/data/tiles/lpc/water.png,32,32,0,0
tileset=../../../../../../alice-app/data/tiles/lpc/mountains.png,32,32,0,0
tileset=../../../../../../alice-app/data/tiles/lpc/dirt2.png,32,32,0,0
tileset=../../../../../../alice-app/data/tiles/sithjester/airplane.png,32,32,0,0
tileset=../../../../../../alice-app/data/tiles/lpc/treetop.png,32,32,0,0
tileset=../../../../../../alice-app/data/tiles/lpc/trunk.png,32,32,0,0
tileset=../../../../../../alice-app/data/tiles/lpc/treetop_small.png,32,32,0,0
tileset=../../../../../../alice-app/data/tiles/lpc/trunk_small.png,32,32,0,0
tileset=../../../../../../alice-app/data/tiles/lpc/bridges.png,32,32,0,0
tileset=../../../../../../alice-app/data/tiles/turin/environment_assets.png,32,32,0,0
tileset=../../../../../../alice-app/data/tiles/vine.png,32,32,0,0
tileset=../../../../../../alice-app/data/tiles/man_eater_flower.png,32,32,0,0

[layer]
type=ground-dirt
data=
1410,1410,1410,1403,1404,1405,1410,1406,1407,1408,1410,1410,1410,1409,1410,1411,1410,1409,1410,1411,1410,1410,1410,1410,1410,1410,1410,
1410,1410,1410,1409,1410,1411,1410,1412,1413,1414,1410,1410,1410,1415,1416,1417,1410,1415,1416,1417,1410,1410,1410,1410,1410,1410,1410,
1410,1410,1410,1415,1416,1417,1410,1418,1419,1420,1410,1406,1407,1408,1410,1406,1407,1408,1410,1406,1407,1408,1403,1404,1405,1410,1410,
1410,1410,1410,1410,1406,1407,1408,1410,1446,1410,1410,1412,1413,1414,1410,1412,1413,1414,1410,1412,1413,1414,1409,1410,1411,1410,1410,
1403,1404,1405,1410,1412,1413,1414,1410,1406,1407,1408,1418,1419,1420,1410,1418,1419,1420,1410,1418,1419,1420,1415,1416,1417,1410,1410,
1409,1410,1411,1410,1418,1419,1420,1410,1412,1413,1414,1410,1446,1403,1404,1405,1403,1404,1405,1403,1404,1405,1410,1403,1404,1405,1410,
1415,1416,1417,1410,1410,1406,1407,1408,1418,1419,1420,1410,1410,1409,1410,1411,1409,1410,1411,1409,1410,1411,1410,1409,1410,1411,1410,
1410,1410,1410,1410,1410,1412,1413,1414,1410,1446,1406,1407,1408,1415,1416,1417,1415,1416,1417,1415,1416,1417,1410,1415,1416,1417,1410,
1410,1410,1403,1404,1405,1418,1419,1420,1410,1410,1412,1413,1414,1410,1403,1404,1405,1410,1403,1404,1405,1410,1410,1410,1403,1404,1405,
1410,1410,1409,1410,1411,1410,1449,1403,1404,1405,1418,1419,1420,1410,1409,1410,1411,1410,1409,1410,1411,1410,1410,1410,1409,1410,1411,
1410,1410,1415,1416,1417,1410,1410,1409,1410,1411,1451,1452,1453,8,1415,1416,1417,8,1415,1416,1417,8,8,9,1415,1416,1417,
1410,1403,1404,1405,1410,1410,1410,1415,1416,1417,1457,1458,1459,11,1457,1458,1459,11,1457,1458,1459,11,11,12,1451,1452,1453,
1410,1409,1410,1411,1403,1404,1405,1410,1410,1410,28,11,11,43,44,44,44,44,44,44,44,44,45,12,1457,1458,1459,
1410,1415,1416,1417,1409,1410,1411,1410,25,26,24,11,11,46,47,47,47,47,47,47,47,47,48,12,0,0,0,
1410,1410,1410,1410,1415,1416,1417,1410,28,1403,1404,1405,11,46,47,47,47,47,47,47,47,47,48,12,0,0,0,
1410,1410,1403,1404,1405,1452,1453,26,24,1409,1410,1411,11,46,47,47,47,53,53,47,47,47,48,12,0,0,0,
8,8,1409,1410,1411,1458,1459,29,29,1415,1416,1417,11,46,47,47,47,47,47,47,47,47,48,12,0,0,0,
11,11,1415,1416,1417,29,29,29,29,1451,1452,1453,11,46,47,47,47,47,47,47,47,47,48,12,0,0,0,
11,11,1451,1452,1453,29,29,29,29,1457,1458,1459,11,49,50,1487,1488,1488,1488,1489,50,50,51,12,0,0,0,
11,11,1457,1458,1459,29,29,29,29,11,11,11,11,2,14,1493,1494,1163,1494,1495,-1073741816,3,11,12,0,0,0,
11,11,11,11,2,32,32,32,32,32,3,11,11,12,1207,1207,1181,1181,1181,1207,1207,13,14,15,0,0,0,
11,11,11,2,15,1207,1207,1207,1207,1207,13,14,14,15,1207,1207,1610612790,1610612790,1610612790,1207,1207,1207,1207,1207,0,0,0,
11,11,2,15,1219,0,0,0,0,0,0,0,0,0,0,0,1159,1160,1161,0,0,0,0,0,0,0,0

